0.8256967751927742
0.5
0.5
0.5
0.5
0.5
0.5
0.47198459262178005
0.5
0.5
0.5
0.46268527273590915
0.5
0.5
0.5
0.6793675853025267
0.6793675853025267
0.5
0.5
0.6286154520238592
0.5
0.8381196572176892
0.6286154520238592
0.5
0.5
0.5
0.5
0.5
0.5392834198312006
0.6286154520238592
0.5
0.5
0.5
0.6277328228158092
0.5
0.7547093213741141
0.6286154520238592
0.5
0.5
0.7737523262149977
0.46268527273590915
0.6286154520238592
0.5
0.5
0.5854065076352961
0.6540084266014852
0.5112960757730478
0.6793675853025267
0.5
0.47198459262178005
0.4587139027294751
0.6286154520238592
0.5
0.15286747799297007
0.34634490203601753
0.5023192145952704
0.46268527273590915
0.5112960757730478
0.4587139027294751
0.7531783285054092
0.40533778910928797
0.4355470461202129
0.8639874458907195
0.46268527273590915
0.7737523262149977
0.5
0.5
0.6144413065278846
0.5392834198312006
0.6435519255135707
0.5
0.6540084266014852
0.5392834198312006
0.7531783285054092
0.6827655412756339
0.5854065076352961
0.6277328228158092
0.8191337943978461
0.5
0.6435519255135707
0.6540084266014852
0.5678248412760969
0.3160844652625169
0.6294225274009742
0.47237970120504025
0.5
0.5
0.6992579098055389
0.5
0.5141265629293672
0.6793675853025267
0.6286154520238592
0.4587139027294751
0.7419919767240408
0.40533778910928797
0.5025248518156535
0.7650992164389152
0.5
0.7504131367806777
0.6286154520238592
0.5392834198312006
0.5392834198312006
0.7547093213741141
0.5
0.46268527273590915
0.4555752346503062
0.5023192145952704
0.5269484478690198
0.4587139027294751
0.6909104437031721
0.5
0.5
0.5169131019122861
0.8011586346730202
0.9854723858591357
0.5
0.32135527923717794
0.5
0.9301481049175306
0.44886069250727434
0.49995035143985567
0.5392834198312006
0.5
0.6286154520238592
0.5392834198312006
0.552957809339709
0.32135527923717794
0.4587139027294751
0.5378347909114353
0.8605182990589504
0.7521339214282552
0.44851873394736086
0.6540084266014852
0.41885179627743535
0.46268527273590915
0.3609192103600141
0.9784540808349538
0.6294225274009742
0.3609192103600141
0.5392834198312006
0.4815446429423134
0.5
0.3521874939769719
0.6294225274009742
0.5435416919345986
0.6277328228158092
0.537585149098808
0.5
0.5
0.9905908234130258
0.4974179729479433
0.5
0.5
0.5678248412760969
0.48053250147018567
0.5
0.7521339214282552
0.6286154520238592
0.5
0.5854065076352961
0.6793675853025267
0.8634425450742189
0.3767130429582713
0.32135527923717794
0.8029746607712585
0.8617845096407215
0.23558950611000462
0.5392834198312006
0.5
0.5
0.7806659452734508
0.6793675853025267
0.12132926995983515
0.3955006936246395
0.32135527923717794
0.280896643502121
0.9934381693246046
0.9260925622376579
0.8610283582522071
0.5023192145952704
0.7777405606179157
0.6992579098055389
0.6793675853025267
0.16798877861491732
0.25596203383526506
0.6294225274009742
0.5
0.42129633907062214
0.8129356197920925
0.5
0.7092307220876506
0.5553532308040063
0.5
0.8191337943978461
0.8029746607712585
0.565936269314087
0.5025248518156535
0.5441159856599813
0.5
0.7266688389441915
0.9534657467923284
0.23558950611000462
0.5
0.22920348571715987
0.5392834198312006
0.8191337943978461
0.6827655412756339
0.6419131004150584
0.6482547568211425
0.3112505118203751
0.5
0.5
0.3955006936246395
0.5
0.8381196572176892
0.5169131019122861
0.9965780098429198
0.6144413065278846
0.6793675853025267
0.8191337943978461
0.5612151337455189
0.5678248412760969
0.42465423071566266
0.39603201674503363
0.552957809339709
0.7521339214282552
0.7878446102425096
0.6192226352693819
0.5516674307853366
0.8078293127380396
0.2148661235485896
0.922085551547619
0.5
0.7847098524973901
0.3955006936246395
0.9784540808349538
0.4587139027294751
0.742048335753799
0.7750422117425066
0.5
0.8639874458907195
0.4099970392113177
0.9448261197318526
0.8605182990589504
0.10300572061391491
0.6312179760123349
0.15251511548393845
0.5023192145952704
0.504540356184293
0.6286154520238592
0.5392834198312006
0.5141265629293672
0.640420891262178
0.5
0.565936269314087
0.48605848233762194
0.44851873394736086
0.5398388781075045
0.5516674307853366
0.564581263743297
0.5392834198312006
0.5378347909114353
0.5
0.8341889349218825
0.7119755123589881
0.5
0.8029746607712585
0.5025248518156535
0.5461475797455455
0.6540084266014852
0.3767130429582713
0.5
0.7650992164389152
0.5678248412760969
0.5
0.7266688389441915
0.40913268822310705
0.5
0.6540084266014852
0.4974179729479433
0.12132926995983515
0.6974945650892468
0.6793675853025267
0.29870112363113843
0.5392834198312006
0.5392834198312006
0.5
0.5575244047976058
0.7194722363182033
0.6793675853025267
0.5
0.7261882086131268
0.6693452967416078
0.5
0.5169131019122861
0.6827655412756339
0.7914516591630656
0.6992579098055389
0.5
0.6693127170518129
0.44851873394736086
0.6399233540523279
0.537585149098808
0.6138014438759438
0.5023192145952704
0.5
0.6793675853025267
0.6286154520238592
0.587326036621937
0.5086588087163564
0.48605848233762194
0.6247322204787649
0.6909104437031721
0.552957809339709
0.8588893878784707
0.4587139027294751
0.5
0.6793675853025267
0.44719549920566465
0.6909104437031721
0.7046557793453418
0.44689860209434684
0.5
0.46962278656175316
0.5
0.41647409397797774
0.7756105394000015
0.308491767636998
0.5
0.6540084266014852
0.6827655412756339
0.5
0.4555752346503062
0.5791186478372359
0.5
0.5025248518156535
0.7531783285054092
0.4587139027294751
0.5824672005696256
0.6340378589500626
0.5
0.6540084266014852
0.6144413065278846
0.4113965202064314
0.5
0.6909104437031721
0.47198459262178005
0.5854065076352961
0.6693452967416078
0.6522927708511554
0.5169131019122861
0.5
0.44719549920566465
0.7245078288298161
0.5
0.5
0.5
0.48605848233762194
0.8803932852532226
0.3955006936246395
0.5464051031207027
0.5158908201210008
0.3964105531158421
0.716147839475092
0.7521339214282552
0.5392834198312006
0.5656909614339252
0.3955006936246395
0.5392834198312006
0.5
0.5678248412760969
0.6297963032296716
0.6974945650892468
0.5
0.4815446429423134
0.564581263743297
0.587326036621937
0.5
0.5
0.5
0.5791186478372359
0.47237970120504025
0.4587139027294751
0.39620145875728313
0.5678248412760969
0.45641773035241145
0.7432210417658804
0.6286154520238592
0.677188518811783
0.5025248518156535
0.5
0.6499086939658372
0.7756105394000015
0.6286154520238592
0.43675961232289123
0.07309165723467544
0.5458107615096255
0.5791186478372359
0.742096315407496
0.46006583884809527
0.6522927708511554
0.47400673008489835
0.5
0.48605848233762194
0.6286154520238592
0.5515109533335669
0.6793675853025267
0.7595216181840274
0.5
0.7521339214282552
0.5775755319142435
0.5
0.24188180752687113
0.5
0.5392834198312006
0.6522927708511554
0.5
0.5
0.46268527273590915
0.5678248412760969
0.6793675853025267
0.5461475797455455
0.5392834198312006
0.564581263743297
0.6598413128671456
0.5
0.5169131019122861
0.5392834198312006
0.6909104437031721
0.5
0.6793675853025267
0.38537013188314073
0.8183028940157868
0.7531783285054092
0.3602244102866811
0.7432709827922903
0.47089216832200925
0.5392834198312006
0.5534987420927849
0.35349554711097636
0.587326036621937
0.6693127170518129
0.587326036621937
0.43675961232289123
0.5
0.7531783285054092
0.5731906433307097
0.587326036621937
0.47237970120504025
0.710716366505241
0.5169131019122861
0.7771591187377196
0.537585149098808
0.41647409397797774
0.21793996028687143
0.5461475797455455
0.42129633907062214
0.8256967751927742
0.5
0.6909104437031721
0.6640943321365729
0.2825211592439041
0.5
0.31009316746632887
0.20917948670172307
0.5854065076352961
0.6793675853025267
0.5269484478690198
0.48605848233762194
0.5112960757730478
0.7899596376125473
0.731057291742661
0.5
0.6286154520238592
0.4587139027294751
0.5
0.5
0.5
0.5543707853381306
0.5
0.742048335753799
0.5
0.10300572061391491
0.5
0.677188518811783
0.47493722854761994
0.5
0.5
0.46268527273590915
0.6138014438759438
0.5
0.640420891262178
0.7245078288298161
0.5423770987449221
0.6270808632783964
0.44886069250727434
0.5
0.6640943321365729
0.6756806271037732
0.6247322204787649
0.520559730726126
0.6869098919692593
0.26280273395026577
0.32135527923717794
0.7531783285054092
0.44689860209434684
0.15715835747295714
0.5
0.4555752346503062
0.48605848233762194
0.6793675853025267
0.44851873394736086
0.6125685367245883
0.8749712528724831
0.7650992164389152
0.20398078497119626
0.587326036621937
0.5229173265507892
0.2539347883886466
0.6589852462783978
0.710716366505241
0.44886069250727434
0.5516674307853366
0.7531783285054092
0.6909104437031721
0.6199100112215423
0.6144413065278846
0.742048335753799
0.07125948707055126
0.47198459262178005
0.5
0.15251511548393845
0.6522927708511554
0.4973658501631562
0.7419919767240408
0.7390387448186588
0.30668916467306007
0.5
0.5
0.7531783285054092
0.5
0.5392834198312006
0.5851359011078663
0.5460536618127194
0.5
0.7194722363182033
0.5305693344581504
0.2668181781131074
0.7504131367806777
0.731116964528818
0.6793675853025267
0.6740584806535768
0.4967133235851228
0.7194722363182033
0.6247322204787649
0.5169131019122861
0.5712483866448603
0.7245078288298161
0.5161516850765362
0.6793675853025267
0.657951141088025
0.7650992164389152
0.6640943321365729
0.5112960757730478
0.6793675853025267
0.5899340070525394
0.6827655412756339
0.5355626473019783
0.5516674307853366
0.5
0.46268527273590915
0.5
0.6793675853025267
0.5516674307853366
0.629248502058138
0.742096315407496
0.7207189708475301
0.26092686855539426
0.5441159856599813
0.6540084266014852
0.6109499658120159
0.46268527273590915
0.5678248412760969
0.44886069250727434
0.6748983144479177
0.15288796990789166
0.5
0.2790611286547038
0.520406272993144
0.6025950928285737
0.7194722363182033
0.6435519255135707
0.6587693729788247
0.5
0.5807629304819582
0.44851873394736086
0.5318350698375534
0.45507845973560584
0.7464697972975041
0.5392834198312006
0.422145458170999
0.07873950446121633
0.4263125504924606
0.47623529958081234
0.6909104437031721
0.7137191315991396
0.6793675853025267
0.5392834198312006
0.5086588087163564
0.5318350698375534
0.7028649091717845
0.5
0.6793675853025267
0.422145458170999
0.7806659452734508
0.5392834198312006
0.4555752346503062
0.5023192145952704
0.5
0.15251511548393845
0.5392834198312006
0.4555752346503062
0.5
0.6909104437031721
0.47089216832200925
0.43675961232289123
0.5392834198312006
0.587326036621937
0.6247322204787649
0.696018456225503
0.6827655412756339
0.5392834198312006
0.5
0.743835758520357
0.640420891262178
0.29173365407748775
0.5
0.7261882086131268
0.5
0.5
0.7099016469478099
0.4815446429423134
0.5678248412760969
0.47089216832200925
0.7521339214282552
0.5023192145952704
0.6119531128847291
0.5
0.7128823766094132
0.6677679318923977
0.5392834198312006
0.6199100112215423
0.47089216832200925
0.6994372920681768
0.22920348571715987
0.7261882086131268
0.5791186478372359
0.5
0.5855106244502533
0.5
0.6286154520238592
0.7678694980065293
0.5
0.5205256661214144
0.6909104437031721
0.5
0.5
0.48916104354310036
0.7735377705838626
0.5023192145952704
0.48605848233762194
0.44689860209434684
0.7432709827922903
0.710716366505241
0.6286154520238592
0.46554376376682016
0.10440047058882372
0.1731367513749374
0.5286295771448045
0.5392834198312006
0.5678248412760969
0.45235108222216913
0.6294225274009742
0.4619624542853615
0.552957809339709
0.5516674307853366
0.44886069250727434
0.640420891262178
0.5534987420927849
0.5378347909114353
0.731057291742661
0.3441571477233487
0.6598413128671456
0.7777405606179157
0.5021090946353519
0.5
0.5025248518156535
0.39603201674503363
0.7547093213741141
0.5112960757730478
0.4708612575486634
0.5365745247310262
0.07334423703752622
0.5516674307853366
0.44354308131492637
0.7402230144622399
0.6793675853025267
0.5
0.8088903035740125
0.5212469392171191
0.46268527273590915
0.5
0.710716366505241
0.4974179729479433
0.6014313330388827
0.5002865894114097
0.6748983144479177
0.640420891262178
0.7538765180091116
0.5
0.44518900914586007
0.6114633746946938
0.7531783285054092
0.5112960757730478
0.6451158393717917
0.48073847331127495
0.7601011225136529
0.6948230666268895
0.4708612575486634
0.6992579098055389
0.5547110695900496
0.5723707555022735
0.6489963819390157
0.24228831085622363
0.9784540808349538
0.716147839475092
0.49277840750442964
0.6399233540523279
0.6286154520238592
0.5822947268203786
0.5023192145952704
0.735839492503467
0.5678248412760969
0.5790474817196658
0.6793675853025267
0.5791186478372359
0.5229173265507892
0.5
0.6591978730961039
0.7042925362613428
0.5516674307853366
0.5678248412760969
0.5
0.5392834198312006
0.6693452967416078
0.5
0.4587139027294751
0.710716366505241
0.587326036621937
0.5205256661214144
0.5678248412760969
0.5
0.19380931801513113
0.5321991960750343
0.5
0.5791186478372359
0.5
0.5
0.710716366505241
0.7067398095771313
0.6886161687318142
0.6992579098055389
0.5
0.5
0.6286154520238592
0.6810902855071062
0.5575244047976058
0.6522927708511554
0.43675961232289123
0.37479514932584373
0.5392834198312006
0.5326700485393321
0.5086588087163564
0.6119065314599426
0.544772647629421
0.07034072651622518
0.5
0.6286154520238592
0.6258014089593416
0.5
0.5
0.6114633746946938
0.5023192145952704
0.553403518264009
0.5
0.4710548901763526
0.4569285197398769
0.681759430506754
0.5
0.6435519255135707
0.8011586346730202
0.627195377770243
0.6598413128671456
0.6693452967416078
0.6974945650892468
0.6286154520238592
0.5318350698375534
0.5021090946353519
0.5
0.5023192145952704
0.7531783285054092
0.6748983144479177
0.7322106126464658
0.5
0.5
0.5420876320118784
0.6598413128671456
0.6598413128671456
0.3955006936246395
0.46622015944778344
0.5
0.8190274222643101
0.5
0.6793675853025267
0.5678248412760969
0.4099970392113177
0.44719549920566465
0.4558700439346907
0.4589665643214068
0.6540084266014852
0.5
0.36811786851507533
0.5023192145952704
0.6025950928285737
0.7009294080865249
0.7531783285054092
0.710716366505241
0.5
0.12101637254658314
0.48008886964136255
0.5791186478372359
0.6957657986481918
0.5025248518156535
0.587326036621937
0.48605848233762194
0.5
0.6507751947410891
0.5363853892948516
0.7737523262149977
0.5112960757730478
0.70547295383413
0.40166358082290865
0.5
0.6693452967416078
0.587326036621937
0.5332203741895303
0.5
0.49042976639053004
0.07334423703752622
0.6793675853025267
0.5392834198312006
0.5146166090908022
0.6827655412756339
0.6909104437031721
0.5
0.4740234196843937
0.8606904111601212
0.280896643502121
0.6974945650892468
0.5392834198312006
0.6793675853025267
0.4588706190456852
0.1854240796381681
0.7006065445861194
0.5
0.5
0.565936269314087
0.5
0.07125948707055126
0.5002865894114097
0.5392834198312006
0.5
0.38786652484014583
0.44719549920566465
0.5
0.6294225274009742
0.520406272993144
0.5
0.3955006936246395
0.6365846558239936
0.552957809339709
0.6827655412756339
0.6329890372371072
0.5154395973088848
0.462862961795967
0.30512237208510096
0.5461475797455455
0.6793675853025267
0.5
0.39267224645866644
0.5
0.7011870603366785
0.32135527923717794
0.5
0.5
0.7062543953818181
0.5392834198312006
0.5392834198312006
0.5165418988694062
0.46268527273590915
0.5458107615096255
0.1283403442875003
0.5854065076352961
0.6531729274638589
0.5345235344957083
0.5229173265507892
0.6435519255135707
0.20398078497119626
0.47493820267896736
0.12101637254658314
0.5
0.6992579098055389
0.6693452967416078
0.4589665643214068
0.5025248518156535
0.5
0.4946146020119854
0.640420891262178
0.47623529958081234
0.5169131019122861
0.5080357093224867
0.7028649091717845
0.7042925362613428
0.5824672005696256
0.685867736417451
0.7194722363182033
0.6482547568211425
0.5
0.5205256661214144
0.4587139027294751
0.7686327414130312
0.6286154520238592
0.4113965202064314
0.5209039511267656
0.7042925362613428
0.587326036621937
0.4587139027294751
0.6114633746946938
0.5145790811623387
0.6286154520238592
0.5023192145952704
0.44689860209434684
0.7245078288298161
0.5
0.3521874939769719
0.7651023519096036
0.5220313402763899
0.5285990690856189
0.6243249481573525
0.6265832130311906
0.587326036621937
0.4028023783941738
0.41647409397797774
0.5392834198312006
0.4587139027294751
0.6693452967416078
0.6435519255135707
0.5764910684741915
0.07125948707055126
0.7737523262149977
0.6212805571948732
0.6600421012225608
0.5209039511267656
0.5
0.4658084748906099
0.6294225274009742
0.6827655412756339
0.48073847331127495
0.47237970120504025
0.7319756361171559
0.5
0.5
0.6435519255135707
0.6451158393717917
0.6585713366088182
0.5930375667061114
0.5460536618127194
0.7040983729651922
0.5553532308040063
0.5909600125323375
0.5791186478372359
0.7104916235593945
0.5995556931822483
0.7531783285054092
0.5002865894114097
0.5392834198312006
0.9481989203097965
0.3955006936246395
0.7319756361171559
0.7419919767240408
0.48605848233762194
0.5
0.4815446429423134
0.7667314291777827
0.49042976639053004
0.6604745763797122
0.7636659174878075
0.6451158393717917
0.7342463411938862
0.5
0.6827655412756339
0.5
0.8615649191766124
0.6640943321365729
0.4815446429423134
0.4415711289339677
0.7108958558961622
0.5289678650790844
0.7432210417658804
0.6419131004150584
0.5822947268203786
0.5169131019122861
0.49658156211816323
0.5
0.6827655412756339
0.5
0.2066285249777896
0.5392834198312006
0.46268527273590915
0.4382132895035944
0.5
0.08046378571576279
0.742096315407496
0.07125948707055126
0.710716366505241
0.2761100111010285
0.5
0.5023192145952704
0.8929643074916764
0.5128719490603371
0.5
0.5854065076352961
0.6982123527892441
0.5
0.4951375906955832
0.5
0.6740584806535768
0.462862961795967
0.710716366505241
0.6827655412756339
0.5392834198312006
0.6905513358038786
0.6179912666628706
0.48916104354310036
0.5318350698375534
0.7531783285054092
0.7756105394000015
0.47374891704336786
0.5489581741979872
0.6128646618676186
0.5
0.7572491621249284
0.6748983144479177
0.5775755319142435
0.6649530260748833
0.5
0.5712483866448603
0.6286154520238592
0.5775755319142435
0.45352761649353135
0.7093576335146881
0.4974179729479433
0.6212805571948732
0.5
0.6540084266014852
0.6598413128671456
0.48605848233762194
0.44689860209434684
0.5
0.3656624165485668
0.5
0.47623529958081234
0.6693452967416078
0.6286154520238592
0.587326036621937
0.5392834198312006
0.49649817603002416
0.6609835692102599
0.5392834198312006
0.4514148106982746
0.6540084266014852
0.7758796751146417
0.7028649091717845
0.6312179760123349
0.6298347114743592
0.6748983144479177
0.46962278656175316
0.5
0.7521339214282552
0.6693452967416078
0.6909104437031721
0.4747347710694091
0.581481678393321
0.5
0.7756105394000015
0.7125341004892594
0.5
0.5
0.07125948707055126
0.5023192145952704
0.5392834198312006
0.7480184569994077
0.5025248518156535
0.5115454452427007
0.7033464940484784
0.5
0.6748983144479177
0.5458107615096255
0.6561519773852862
0.5
0.7028649091717845
0.564581263743297
0.7653661740828592
0.6247322204787649
0.33697409415639
0.6818024371900462
0.6286154520238592
0.5269484478690198
0.4710847989954157
0.66169688495668
0.49827743085548876
0.44886069250727434
0.5
0.1731367513749374
0.6931297166106107
0.5
0.5067086334736115
0.6375406333785794
0.24877658669908329
0.5269484478690198
0.37848514994470395
0.5
0.5
0.6286154520238592
0.5
0.4555752346503062
0.41647409397797774
0.5
0.3313814498755013
0.37479514932584373
0.7261882086131268
0.7223465352924285
0.44886069250727434
0.5023192145952704
0.640420891262178
0.643141122865025
0.5
0.3854478444821254
0.5520984254632659
0.710716366505241
0.5635008122034552
0.5
0.7521339214282552
0.5712483866448603
0.520406272993144
0.5970580627205995
0.5
0.6640943321365729
0.6286154520238592
0.5237084526618626
0.6300571973677891
0.5474120686262719
0.696018456225503
0.6982123527892441
0.5285990690856189
0.6931297166106107
0.6992579098055389
0.7444096549959467
0.5
0.5
0.6816808177226561
0.5464762816513793
0.7145186210332961
0.5470969684408353
0.5392834198312006
0.5733742431753803
0.4477967843494535
0.1172428314077816
0.731057291742661
0.47198459262178005
0.8605182990589504
0.5
0.5392834198312006
0.5
0.6248433959041653
0.5
0.20188050599559285
0.5
0.5
0.6818024371900462
0.5
0.5209039511267656
0.6745427018153227
0.7138498757661389
0.4297241126198034
0.6816808177226561
0.5
0.6874211216255615
0.2961971083211017
0.5566931987308988
0.5
0.5
0.7414103027782493
0.6025950928285737
0.7531783285054092
0.565936269314087
0.7521339214282552
0.7809353661988898
0.5244694813190254
0.504540356184293
0.5
0.5470969684408353
0.7601011225136529
0.5464051031207027
0.46268527273590915
0.6540084266014852
0.5115454452427007
0.7547093213741141
0.6305201010085075
0.49995035143985567
0.5
0.7547093213741141
0.5
0.5464762816513793
0.5
0.47623529958081234
0.7641703620748062
0.5516674307853366
0.7432709827922903
0.3955006936246395
0.44886069250727434
0.710716366505241
0.7031229658670501
0.4153030939588857
0.5024265720681396
0.4432874491934097
0.5
0.4966176894352858
0.15895923111267835
0.6312179760123349
0.49827743085548876
0.5824672005696256
0.6492591624822432
0.5236560498018826
0.5
0.10746143848845296
0.5392834198312006
0.4589665643214068
0.4793039343612545
0.43675961232289123
0.6047303480709629
0.640420891262178
0.43621852796330784
0.6419131004150584
0.5721031093189675
0.4589665643214068
0.34029714754460905
0.48419531048779185
0.5
0.44851873394736086
0.4587139027294751
0.4815446429423134
0.5460536618127194
0.4427910565581413
0.6793675853025267
0.4587139027294751
0.5
0.4263125504924606
0.6312179760123349
0.41084134174457665
0.6793675853025267
0.6286154520238592
0.2552332440248526
0.6365846558239936
0.7531783285054092
0.5141265629293672
0.5684619468152967
0.3760191901304542
0.33368280445972903
0.7540427885646319
0.7862967612135014
0.7809950389692311
0.5169131019122861
0.6291683401516996
0.5
0.6827655412756339
0.5
0.6545396340892737
0.49740849922255104
0.5678248412760969
0.5
0.5791186478372359
0.5392834198312006
0.7552418522623854
0.640420891262178
0.6247322204787649
0.5596525056115957
0.6155633618928842
0.5
0.5244694813190254
0.44719549920566465
0.8256967751927742
0.48605848233762194
0.1497183462072038
0.4956005390382503
0.5
0.7390964565456832
0.6297963032296716
0.5
0.5968370600579238
0.7011870603366785
0.5
0.6793675853025267
0.510476154153811
0.47198459262178005
0.5381713728040903
0.7432709827922903
0.5112960757730478
0.14335933121910482
0.5
0.5
0.5392834198312006
0.5021090946353519
0.731057291742661
0.7504131367806777
0.6748983144479177
0.735839492503467
0.5
0.5023192145952704
0.50956638294322
0.392881782975402
0.5209039511267656
0.5909600125323375
0.8828503493545246
0.6827655412756339
0.5678248412760969
0.6294225274009742
0.48490830333902435
0.6056664704872115
0.5968370600579238
0.5859554703803846
0.5205256661214144
0.5791186478372359
0.5791186478372359
0.4587139027294751
0.5
0.710716366505241
0.3112505118203751
0.6286154520238592
0.07309165723467544
0.5
0.34171512825242417
0.3281004113993729
0.7156150655302145
0.5023192145952704
0.5441159856599813
0.5590413375747857
0.564581263743297
0.553403518264009
0.6616065407232348
0.5
0.5
0.46268527273590915
0.9304728943976206
0.5025248518156535
0.25104719073469245
0.6793675853025267
0.4554856873197864
0.48605848233762194
0.7636659174878075
0.5392834198312006
0.16099364161694474
0.46268527273590915
0.5
0.6909104437031721
0.5112960757730478
0.5
0.5
0.4962778687374112
0.5
0.5
0.15715835747295714
0.44719549920566465
0.4815446429423134
0.16798877861491732
0.5392834198312006
0.5169131019122861
0.4191277462541483
0.5392834198312006
0.5516674307853366
0.5392834198312006
0.45665054018221135
0.5
0.5
0.5
0.15006195080578766
0.5331945075982779
0.5416159349646598
0.5909600125323375
0.4587139027294751
0.5
0.5
0.5441159856599813
0.5
0.5023192145952704
0.5
0.6748983144479177
0.43675961232289123
0.742096315407496
0.49740849922255104
0.696018456225503
0.6585905520145823
0.5
0.4621512718078215
0.5392834198312006
0.5021090946353519
0.5023192145952704
0.5560619476768618
0.3955006936246395
0.6931297166106107
0.6286154520238592
0.5441159856599813
0.5
0.5
0.5467462282554276
0.5392834198312006
0.7261882086131268
0.5269484478690198
0.7432709827922903
0.6114633746946938
0.6540084266014852
0.5023192145952704
0.5854065076352961
0.640420891262178
0.629096024115195
0.6974945650892468
0.44946238372290537
0.5
0.46268527273590915
0.6114633746946938
0.48073847331127495
0.5
0.6482547568211425
0.1667152487126028
0.6247322204787649
0.2373853131264393
0.587326036621937
0.49440664186883704
0.5
0.47237970120504025
0.7945654394000274
0.4670374269108076
0.6286154520238592
0.5821014676003375
0.4418542069611127
0.3403319361093019
0.5838044517504684
0.6356647689171493
0.7521339214282552
0.6748983144479177
0.6305201010085075
0.7598241798781393
0.6435519255135707
0.5392834198312006
0.7531783285054092
0.6236026165935318
0.5318350698375534
0.32135527923717794
0.5161516850765362
0.7369760565574239
0.5
0.5392834198312006
0.5229173265507892
0.4951375906955832
0.6561519773852862
0.6540084266014852
0.42465423071566266
0.6291683401516996
0.6258014089593416
0.5706808725983041
0.5
0.5128719490603371
0.382564450732928
0.4587139027294751
0.5205256661214144
0.7531783285054092
0.4387718230717642
0.5169131019122861
0.5482492333529847
0.6793675853025267
0.5560619476768618
0.6909104437031721
0.41084134174457665
0.5909600125323375
0.6693452967416078
0.6312179760123349
0.5169131019122861
0.6649742213932575
0.7425342175803766
0.2326794441545967
0.5318350698375534
0.5230364435534871
0.5
0.5516674307853366
0.5
0.742048335753799
0.5673367915700065
0.6827655412756339
0.5
0.4652029953425299
0.7650992164389152
0.622563871530655
0.4323526406858635
0.5
0.7040983729651922
0.6992579098055389
0.5
0.44886069250727434
0.6909104437031721
0.6297963032296716
0.7735377705838626
0.30218338000512984
0.6748983144479177
0.6406903773118227
0.565936269314087
0.5023192145952704
0.6114633746946938
0.544802037628455
0.640420891262178
0.5392834198312006
0.5413005588596349
0.6355766717079829
0.6477260295640943
0.3281004113993729
0.7322106126464658
0.6435519255135707
0.6957657986481918
0.39620145875728313
0.46268527273590915
0.5205256661214144
0.62606702964052
0.6540084266014852
0.7120782704962123
0.6909104437031721
0.46551210956104316
0.9301481049175306
0.5791186478372359
0.6540084266014852
0.6585905520145823
0.8104284677981191
0.6289098956320438
0.41974853689205976
0.46552127472103055
0.4815446429423134
0.643725475408059
0.6277328228158092
0.769197875782609
0.48916104354310036
0.44945424643257365
0.6286154520238592
0.6748983144479177
0.5310440645393362
0.4934682122849276
0.5791186478372359
0.8610283582522071
0.581481678393321
0.5
0.5997693703038756
0.5441159856599813
0.7049515082146147
0.48053250147018567
0.39271910549525413
0.07983303986766106
0.5319730960040908
0.710716366505241
0.6383829213834298
0.5733742431753803
0.7078410358652119
0.6541021016402115
0.7408634022724732
0.5023192145952704
0.5
0.6925696122605374
0.7338801443977643
0.5392834198312006
0.5575244047976058
0.8011586346730202
0.552957809339709
0.5441159856599813
0.7491446648005269
0.6125685367245883
0.710716366505241
0.7011870603366785
0.520406272993144
0.5
0.6635512180769838
0.5
0.710716366505241
0.30447855071092544
0.5392834198312006
0.7419919767240408
0.4974179729479433
0.5
0.6482547568211425
0.2409893568842756
0.5
0.6793675853025267
0.5298387895320581
0.7531783285054092
0.6927123233084282
0.7771591187377196
0.7806659452734508
0.5787566207598929
0.6693127170518129
0.5318350698375534
0.5
0.6827655412756339
0.4415711289339677
0.6519464891968396
0.5023192145952704
0.5161516850765362
0.47198459262178005
0.6231054334217061
0.6408846785841105
0.7555048847522983
0.7205910843500094
0.5378347909114353
0.731057291742661
0.7020741407348394
0.6294225274009742
0.6966106045309257
0.731057291742661
0.5392834198312006
0.6925696122605374
0.6791166231097712
0.14335933121910482
0.45352761649353135
0.5824672005696256
0.35649188776008095
0.7555048847522983
0.5392834198312006
0.7414220584417366
0.4951375906955832
0.5
0.742048335753799
0.7092307220876506
0.640420891262178
0.6793675853025267
0.7467126651341418
0.710716366505241
0.5960089020325412
0.5589577137556656
0.5798342320088294
0.544772647629421
0.7188635174813451
0.7298417238178418
0.4587139027294751
0.5236560498018826
0.6236026165935318
0.6818024371900462
0.7419919767240408
0.44996606375439396
0.5743250967755293
0.8632683502078937
0.4799487613401157
0.43675961232289123
0.4815446429423134
0.4802372723229614
0.5851359011078663
0.6343597997894455
0.5890551499133398
0.44013009569396094
0.5
0.5301653794659207
0.6789059284892218
0.5
0.6793675853025267
0.7444096549959467
0.4415711289339677
0.6428232878859979
0.32971621825030617
0.5161516850765362
0.6793675853025267
0.4802372723229614
0.4297241126198034
0.8076445634670288
0.4587139027294751
0.5169131019122861
0.7878446102425096
0.8600714288806337
0.44946238372290537
0.5
0.70547295383413
0.6693452967416078
0.5
0.43799609860514055
0.742048335753799
0.7033464940484784
0.84466029942512
0.628199004182717
0.6693452967416078
0.4502213233441712
0.07125948707055126
0.6451158393717917
0.6286154520238592
0.5
0.45533503814418236
0.6530390044830903
0.5342642782679159
0.6707200759609224
0.7318197841396021
0.31009316746632887
0.4418542069611127
0.7667314291777827
0.5
0.14063731589290893
0.7521339214282552
0.5023192145952704
0.3884038241984688
0.44886069250727434
0.5298387895320581
0.5
0.7572495807510871
0.4555752346503062
0.5392834198312006
0.5370312983094534
0.742096315407496
0.640420891262178
0.46268527273590915
0.7512371043378072
0.37121423309280355
0.23461674626315204
0.6841983003723495
0.6202453554386353
0.6793675853025267
0.6843597144858298
0.44689860209434684
0.10305881137357219
0.5854065076352961
0.5
0.5733742431753803
0.5025248518156535
0.5
0.6640943321365729
0.4323526406858635
0.49934472784591694
0.5
0.5
0.4477967843494535
0.5824672005696256
0.758397461524233
0.695441160364499
0.6546969462718493
0.7078410358652119
0.5
0.5355626473019783
0.44689860209434684
0.4415711289339677
0.5420876320118784
0.5209039511267656
0.1287576020723211
0.23111031601956547
0.6015279302217802
0.5791186478372359
0.710716366505241
0.5854065076352961
0.5899039919977311
0.44851873394736086
0.5851359011078663
0.6179912666628706
0.5291847104419445
0.5
0.7432709827922903
0.45235108222216913
0.44719549920566465
0.5237084526618626
0.5767139841182458
0.5
0.5293365004042014
0.7141908013188889
0.7756105394000015
0.45352761649353135
0.5
0.5586610237400932
0.5
0.22869919558691465
0.538292189521143
0.6144413065278846
0.4840006235772808
0.5547110695900496
0.5854065076352961
0.7994791171258031
0.5392834198312006
0.6286154520238592
0.5
0.5243713791656731
0.7384195776943061
0.46268527273590915
0.7062543953818181
0.5
0.44518900914586007
0.23630121844723787
0.7390964565456832
0.4990976295843823
0.5318350698375534
0.5
0.6948230666268895
0.5154395973088848
0.7092307220876506
0.5
0.6827655412756339
0.4587139027294751
0.738659086808604
0.5289598348764696
0.3602244102866811
0.7531783285054092
0.4815446429423134
0.6482547568211425
0.4587139027294751
0.564486096572632
0.640420891262178
0.5293365004042014
0.5461475797455455
0.7586431136510832
0.7419919767240408
0.5712483866448603
0.47587274773417865
0.5021090946353519
0.5130839257704453
0.24629492407283884
0.4587139027294751
0.7245078288298161
0.5
0.5464762816513793
0.5488598170580421
0.4815446429423134
0.7972434623465052
0.47365460721319486
0.5
0.7491604570406147
0.7777405606179157
0.5784156793581727
0.7011870603366785
0.4561405655235974
0.628199004182717
0.8160521533115366
0.510476154153811
0.527050622345005
0.4484998409498027
0.24740890132046914
0.3000353629119976
0.47198459262178005
0.6435519255135707
0.6793675853025267
0.6066928839312249
0.7006065445861194
0.4587139027294751
0.5380583216108589
0.7266688389441915
0.47198459262178005
0.3200802818022532
0.5
0.5318350698375534
0.6827655412756339
0.565936269314087
0.2821110826001929
0.587326036621937
0.6931297166106107
0.6286154520238592
0.0794297306877722
0.7341183008341103
0.6286154520238592
0.6286154520238592
0.5
0.5318350698375534
0.47089216832200925
0.5507169376053411
0.07296831016445232
0.7641703620748062
0.44886069250727434
0.5169131019122861
0.7491446648005269
0.7522202269023153
0.6677679318923977
0.22920348571715987
0.5
0.6440378303615002
0.5237084526618626
0.7292324373385726
0.5392834198312006
0.658971824397955
0.3007894748608001
0.5112960757730478
0.5146166090908022
0.5687383409514781
0.5392834198312006
0.4962778687374112
0.48605848233762194
0.5392834198312006
0.7479781179159712
0.5
0.696018456225503
0.82130654339215
0.46268527273590915
0.5791186478372359
0.7980853893281541
0.6909104437031721
0.5381713728040903
0.5854065076352961
